 0 1 3 5 7 9 11 13 15 17 19 21 23 25 27 29 31 0 0 0 0 0 0 0 0 0 0 0 0 0 0 0
 0 1 3 5 7 9 11 13 15 16 17 19 21 23 25 27 29 31 0 0 0 0 0 0 0 0 0 0 0 0 0 0
 0 1 3 5 7 8 9 11 13 15 17 19 21 23 24 25 27 29 31 0 0 0 0 0 0 0 0 0 0 0 0 0
 0 1 3 5 7 8 9 11 13 15 16 17 19 21 23 24 25 27 29 31 0 0 0 0 0 0 0 0 0 0 0 0
 0 1 3 4 5 7 9 11 12 13 15 17 19 20 21 23 25 27 28 29 31 0 0 0 0 0 0 0 0 0 0 0
 0 1 3 4 5 7 9 11 12 13 15 16 17 19 20 21 23 25 27 28 29 31 0 0 0 0 0 0 0 0 0 0
 0 1 3 4 5 7 8 9 11 12 13 15 17 19 20 21 23 24 25 27 28 29 31 0 0 0 0 0 0 0 0 0
 0 1 3 4 5 7 8 9 11 12 13 15 16 17 19 20 21 23 24 25 27 28 29 31 0 0 0 0 0 0 0 0
 0 1 2 3 5 6 7 9 10 11 13 14 15 17 18 19 21 22 23 25 26 27 29 30 31 0 0 0 0 0 0 0
 0 1 2 3 5 6 7 9 10 11 13 14 15 16 17 18 19 21 22 23 25 26 27 29 30 31 0 0 0 0 0 0
 0 1 2 3 5 6 7 8 9 10 11 13 14 15 17 18 19 21 22 23 24 25 26 27 29 30 31 0 0 0 0 0
 0 1 2 3 5 6 7 8 9 10 11 13 14 15 16 17 18 19 21 22 23 24 25 26 27 29 30 31 0 0 0 0
 0 1 2 3 4 5 6 7 9 10 11 12 13 14 15 17 18 19 20 21 22 23 25 26 27 28 29 30 31 0 0 0
 0 1 2 3 4 5 6 7 9 10 11 12 13 14 15 16 17 18 19 20 21 22 23 25 26 27 28 29 30 31 0 0
 0 1 2 3 4 5 6 7 8 9 10 11 12 13 14 15 17 18 19 20 21 22 23 24 25 26 27 28 29 30 31 0
 0 1 2 3 4 5 6 7 8 9 10 11 12 13 14 15 16 17 18 19 20 21 22 23 24 25 26 27 28 29 30 31
