 0 1 3 5 7 9 11 13 15 17 19 21 23 25 27 29 31 33 35 37 39 41 43 45 47 49 51 53 55 57 59 61 63 65 67 69 71 73 75 77 79 81 83 85 87 89 91 93 95 97 99 101 103 105 107 109 111 113 115 117 119 121 123 125 127 0 0 0 0 0 0 0 0 0 0 0 0 0 0 0 0 0 0 0 0 0 0 0 0 0 0 0 0 0 0 0 0 0 0 0 0 0 0 0 0 0 0 0 0 0 0 0 0 0 0 0 0 0 0 0 0 0 0 0 0 0 0 0
 0 1 3 5 7 9 11 13 15 17 19 21 23 25 27 29 31 33 35 37 39 41 43 45 47 49 51 53 55 57 59 61 63 64 65 67 69 71 73 75 77 79 81 83 85 87 89 91 93 95 97 99 101 103 105 107 109 111 113 115 117 119 121 123 125 127 0 0 0 0 0 0 0 0 0 0 0 0 0 0 0 0 0 0 0 0 0 0 0 0 0 0 0 0 0 0 0 0 0 0 0 0 0 0 0 0 0 0 0 0 0 0 0 0 0 0 0 0 0 0 0 0 0 0 0 0 0 0
 0 1 3 5 7 9 11 13 15 17 19 21 23 25 27 29 31 32 33 35 37 39 41 43 45 47 49 51 53 55 57 59 61 63 65 67 69 71 73 75 77 79 81 83 85 87 89 91 93 95 96 97 99 101 103 105 107 109 111 113 115 117 119 121 123 125 127 0 0 0 0 0 0 0 0 0 0 0 0 0 0 0 0 0 0 0 0 0 0 0 0 0 0 0 0 0 0 0 0 0 0 0 0 0 0 0 0 0 0 0 0 0 0 0 0 0 0 0 0 0 0 0 0 0 0 0 0 0
 0 1 3 5 7 9 11 13 15 17 19 21 23 25 27 29 31 32 33 35 37 39 41 43 45 47 49 51 53 55 57 59 61 63 64 65 67 69 71 73 75 77 79 81 83 85 87 89 91 93 95 96 97 99 101 103 105 107 109 111 113 115 117 119 121 123 125 127 0 0 0 0 0 0 0 0 0 0 0 0 0 0 0 0 0 0 0 0 0 0 0 0 0 0 0 0 0 0 0 0 0 0 0 0 0 0 0 0 0 0 0 0 0 0 0 0 0 0 0 0 0 0 0 0 0 0 0 0
 0 1 3 5 7 9 11 13 15 16 17 19 21 23 25 27 29 31 33 35 37 39 41 43 45 47 48 49 51 53 55 57 59 61 63 65 67 69 71 73 75 77 79 80 81 83 85 87 89 91 93 95 97 99 101 103 105 107 109 111 112 113 115 117 119 121 123 125 127 0 0 0 0 0 0 0 0 0 0 0 0 0 0 0 0 0 0 0 0 0 0 0 0 0 0 0 0 0 0 0 0 0 0 0 0 0 0 0 0 0 0 0 0 0 0 0 0 0 0 0 0 0 0 0 0 0 0 0
 0 1 3 5 7 9 11 13 15 16 17 19 21 23 25 27 29 31 33 35 37 39 41 43 45 47 48 49 51 53 55 57 59 61 63 64 65 67 69 71 73 75 77 79 80 81 83 85 87 89 91 93 95 97 99 101 103 105 107 109 111 112 113 115 117 119 121 123 125 127 0 0 0 0 0 0 0 0 0 0 0 0 0 0 0 0 0 0 0 0 0 0 0 0 0 0 0 0 0 0 0 0 0 0 0 0 0 0 0 0 0 0 0 0 0 0 0 0 0 0 0 0 0 0 0 0 0 0
 0 1 3 5 7 9 11 13 15 16 17 19 21 23 25 27 29 31 32 33 35 37 39 41 43 45 47 48 49 51 53 55 57 59 61 63 65 67 69 71 73 75 77 79 80 81 83 85 87 89 91 93 95 96 97 99 101 103 105 107 109 111 112 113 115 117 119 121 123 125 127 0 0 0 0 0 0 0 0 0 0 0 0 0 0 0 0 0 0 0 0 0 0 0 0 0 0 0 0 0 0 0 0 0 0 0 0 0 0 0 0 0 0 0 0 0 0 0 0 0 0 0 0 0 0 0 0 0
 0 1 3 5 7 9 11 13 15 16 17 19 21 23 25 27 29 31 32 33 35 37 39 41 43 45 47 48 49 51 53 55 57 59 61 63 64 65 67 69 71 73 75 77 79 80 81 83 85 87 89 91 93 95 96 97 99 101 103 105 107 109 111 112 113 115 117 119 121 123 125 127 0 0 0 0 0 0 0 0 0 0 0 0 0 0 0 0 0 0 0 0 0 0 0 0 0 0 0 0 0 0 0 0 0 0 0 0 0 0 0 0 0 0 0 0 0 0 0 0 0 0 0 0 0 0 0 0
 0 1 3 5 7 8 9 11 13 15 17 19 21 23 24 25 27 29 31 33 35 37 39 40 41 43 45 47 49 51 53 55 56 57 59 61 63 65 67 69 71 72 73 75 77 79 81 83 85 87 88 89 91 93 95 97 99 101 103 104 105 107 109 111 113 115 117 119 120 121 123 125 127 0 0 0 0 0 0 0 0 0 0 0 0 0 0 0 0 0 0 0 0 0 0 0 0 0 0 0 0 0 0 0 0 0 0 0 0 0 0 0 0 0 0 0 0 0 0 0 0 0 0 0 0 0 0 0
 0 1 3 5 7 8 9 11 13 15 17 19 21 23 24 25 27 29 31 33 35 37 39 40 41 43 45 47 49 51 53 55 56 57 59 61 63 64 65 67 69 71 72 73 75 77 79 81 83 85 87 88 89 91 93 95 97 99 101 103 104 105 107 109 111 113 115 117 119 120 121 123 125 127 0 0 0 0 0 0 0 0 0 0 0 0 0 0 0 0 0 0 0 0 0 0 0 0 0 0 0 0 0 0 0 0 0 0 0 0 0 0 0 0 0 0 0 0 0 0 0 0 0 0 0 0 0 0
 0 1 3 5 7 8 9 11 13 15 17 19 21 23 24 25 27 29 31 32 33 35 37 39 40 41 43 45 47 49 51 53 55 56 57 59 61 63 65 67 69 71 72 73 75 77 79 81 83 85 87 88 89 91 93 95 96 97 99 101 103 104 105 107 109 111 113 115 117 119 120 121 123 125 127 0 0 0 0 0 0 0 0 0 0 0 0 0 0 0 0 0 0 0 0 0 0 0 0 0 0 0 0 0 0 0 0 0 0 0 0 0 0 0 0 0 0 0 0 0 0 0 0 0 0 0 0 0
 0 1 3 5 7 8 9 11 13 15 17 19 21 23 24 25 27 29 31 32 33 35 37 39 40 41 43 45 47 49 51 53 55 56 57 59 61 63 64 65 67 69 71 72 73 75 77 79 81 83 85 87 88 89 91 93 95 96 97 99 101 103 104 105 107 109 111 113 115 117 119 120 121 123 125 127 0 0 0 0 0 0 0 0 0 0 0 0 0 0 0 0 0 0 0 0 0 0 0 0 0 0 0 0 0 0 0 0 0 0 0 0 0 0 0 0 0 0 0 0 0 0 0 0 0 0 0 0
 0 1 3 5 7 8 9 11 13 15 16 17 19 21 23 24 25 27 29 31 33 35 37 39 40 41 43 45 47 48 49 51 53 55 56 57 59 61 63 65 67 69 71 72 73 75 77 79 80 81 83 85 87 88 89 91 93 95 97 99 101 103 104 105 107 109 111 112 113 115 117 119 120 121 123 125 127 0 0 0 0 0 0 0 0 0 0 0 0 0 0 0 0 0 0 0 0 0 0 0 0 0 0 0 0 0 0 0 0 0 0 0 0 0 0 0 0 0 0 0 0 0 0 0 0 0 0 0
 0 1 3 5 7 8 9 11 13 15 16 17 19 21 23 24 25 27 29 31 33 35 37 39 40 41 43 45 47 48 49 51 53 55 56 57 59 61 63 64 65 67 69 71 72 73 75 77 79 80 81 83 85 87 88 89 91 93 95 97 99 101 103 104 105 107 109 111 112 113 115 117 119 120 121 123 125 127 0 0 0 0 0 0 0 0 0 0 0 0 0 0 0 0 0 0 0 0 0 0 0 0 0 0 0 0 0 0 0 0 0 0 0 0 0 0 0 0 0 0 0 0 0 0 0 0 0 0
 0 1 3 5 7 8 9 11 13 15 16 17 19 21 23 24 25 27 29 31 32 33 35 37 39 40 41 43 45 47 48 49 51 53 55 56 57 59 61 63 65 67 69 71 72 73 75 77 79 80 81 83 85 87 88 89 91 93 95 96 97 99 101 103 104 105 107 109 111 112 113 115 117 119 120 121 123 125 127 0 0 0 0 0 0 0 0 0 0 0 0 0 0 0 0 0 0 0 0 0 0 0 0 0 0 0 0 0 0 0 0 0 0 0 0 0 0 0 0 0 0 0 0 0 0 0 0 0
 0 1 3 5 7 8 9 11 13 15 16 17 19 21 23 24 25 27 29 31 32 33 35 37 39 40 41 43 45 47 48 49 51 53 55 56 57 59 61 63 64 65 67 69 71 72 73 75 77 79 80 81 83 85 87 88 89 91 93 95 96 97 99 101 103 104 105 107 109 111 112 113 115 117 119 120 121 123 125 127 0 0 0 0 0 0 0 0 0 0 0 0 0 0 0 0 0 0 0 0 0 0 0 0 0 0 0 0 0 0 0 0 0 0 0 0 0 0 0 0 0 0 0 0 0 0 0 0
 0 1 3 4 5 7 9 11 12 13 15 17 19 20 21 23 25 27 28 29 31 33 35 36 37 39 41 43 44 45 47 49 51 52 53 55 57 59 60 61 63 65 67 68 69 71 73 75 76 77 79 81 83 84 85 87 89 91 92 93 95 97 99 100 101 103 105 107 108 109 111 113 115 116 117 119 121 123 124 125 127 0 0 0 0 0 0 0 0 0 0 0 0 0 0 0 0 0 0 0 0 0 0 0 0 0 0 0 0 0 0 0 0 0 0 0 0 0 0 0 0 0 0 0 0 0 0 0
 0 1 3 4 5 7 9 11 12 13 15 17 19 20 21 23 25 27 28 29 31 33 35 36 37 39 41 43 44 45 47 49 51 52 53 55 57 59 60 61 63 64 65 67 68 69 71 73 75 76 77 79 81 83 84 85 87 89 91 92 93 95 97 99 100 101 103 105 107 108 109 111 113 115 116 117 119 121 123 124 125 127 0 0 0 0 0 0 0 0 0 0 0 0 0 0 0 0 0 0 0 0 0 0 0 0 0 0 0 0 0 0 0 0 0 0 0 0 0 0 0 0 0 0 0 0 0 0
 0 1 3 4 5 7 9 11 12 13 15 17 19 20 21 23 25 27 28 29 31 32 33 35 36 37 39 41 43 44 45 47 49 51 52 53 55 57 59 60 61 63 65 67 68 69 71 73 75 76 77 79 81 83 84 85 87 89 91 92 93 95 96 97 99 100 101 103 105 107 108 109 111 113 115 116 117 119 121 123 124 125 127 0 0 0 0 0 0 0 0 0 0 0 0 0 0 0 0 0 0 0 0 0 0 0 0 0 0 0 0 0 0 0 0 0 0 0 0 0 0 0 0 0 0 0 0 0
 0 1 3 4 5 7 9 11 12 13 15 17 19 20 21 23 25 27 28 29 31 32 33 35 36 37 39 41 43 44 45 47 49 51 52 53 55 57 59 60 61 63 64 65 67 68 69 71 73 75 76 77 79 81 83 84 85 87 89 91 92 93 95 96 97 99 100 101 103 105 107 108 109 111 113 115 116 117 119 121 123 124 125 127 0 0 0 0 0 0 0 0 0 0 0 0 0 0 0 0 0 0 0 0 0 0 0 0 0 0 0 0 0 0 0 0 0 0 0 0 0 0 0 0 0 0 0 0
 0 1 3 4 5 7 9 11 12 13 15 16 17 19 20 21 23 25 27 28 29 31 33 35 36 37 39 41 43 44 45 47 48 49 51 52 53 55 57 59 60 61 63 65 67 68 69 71 73 75 76 77 79 80 81 83 84 85 87 89 91 92 93 95 97 99 100 101 103 105 107 108 109 111 112 113 115 116 117 119 121 123 124 125 127 0 0 0 0 0 0 0 0 0 0 0 0 0 0 0 0 0 0 0 0 0 0 0 0 0 0 0 0 0 0 0 0 0 0 0 0 0 0 0 0 0 0 0
 0 1 3 4 5 7 9 11 12 13 15 16 17 19 20 21 23 25 27 28 29 31 33 35 36 37 39 41 43 44 45 47 48 49 51 52 53 55 57 59 60 61 63 64 65 67 68 69 71 73 75 76 77 79 80 81 83 84 85 87 89 91 92 93 95 97 99 100 101 103 105 107 108 109 111 112 113 115 116 117 119 121 123 124 125 127 0 0 0 0 0 0 0 0 0 0 0 0 0 0 0 0 0 0 0 0 0 0 0 0 0 0 0 0 0 0 0 0 0 0 0 0 0 0 0 0 0 0
 0 1 3 4 5 7 9 11 12 13 15 16 17 19 20 21 23 25 27 28 29 31 32 33 35 36 37 39 41 43 44 45 47 48 49 51 52 53 55 57 59 60 61 63 65 67 68 69 71 73 75 76 77 79 80 81 83 84 85 87 89 91 92 93 95 96 97 99 100 101 103 105 107 108 109 111 112 113 115 116 117 119 121 123 124 125 127 0 0 0 0 0 0 0 0 0 0 0 0 0 0 0 0 0 0 0 0 0 0 0 0 0 0 0 0 0 0 0 0 0 0 0 0 0 0 0 0 0
 0 1 3 4 5 7 9 11 12 13 15 16 17 19 20 21 23 25 27 28 29 31 32 33 35 36 37 39 41 43 44 45 47 48 49 51 52 53 55 57 59 60 61 63 64 65 67 68 69 71 73 75 76 77 79 80 81 83 84 85 87 89 91 92 93 95 96 97 99 100 101 103 105 107 108 109 111 112 113 115 116 117 119 121 123 124 125 127 0 0 0 0 0 0 0 0 0 0 0 0 0 0 0 0 0 0 0 0 0 0 0 0 0 0 0 0 0 0 0 0 0 0 0 0 0 0 0 0
 0 1 3 4 5 7 8 9 11 12 13 15 17 19 20 21 23 24 25 27 28 29 31 33 35 36 37 39 40 41 43 44 45 47 49 51 52 53 55 56 57 59 60 61 63 65 67 68 69 71 72 73 75 76 77 79 81 83 84 85 87 88 89 91 92 93 95 97 99 100 101 103 104 105 107 108 109 111 113 115 116 117 119 120 121 123 124 125 127 0 0 0 0 0 0 0 0 0 0 0 0 0 0 0 0 0 0 0 0 0 0 0 0 0 0 0 0 0 0 0 0 0 0 0 0 0 0 0
 0 1 3 4 5 7 8 9 11 12 13 15 17 19 20 21 23 24 25 27 28 29 31 33 35 36 37 39 40 41 43 44 45 47 49 51 52 53 55 56 57 59 60 61 63 64 65 67 68 69 71 72 73 75 76 77 79 81 83 84 85 87 88 89 91 92 93 95 97 99 100 101 103 104 105 107 108 109 111 113 115 116 117 119 120 121 123 124 125 127 0 0 0 0 0 0 0 0 0 0 0 0 0 0 0 0 0 0 0 0 0 0 0 0 0 0 0 0 0 0 0 0 0 0 0 0 0 0
 0 1 3 4 5 7 8 9 11 12 13 15 17 19 20 21 23 24 25 27 28 29 31 32 33 35 36 37 39 40 41 43 44 45 47 49 51 52 53 55 56 57 59 60 61 63 65 67 68 69 71 72 73 75 76 77 79 81 83 84 85 87 88 89 91 92 93 95 96 97 99 100 101 103 104 105 107 108 109 111 113 115 116 117 119 120 121 123 124 125 127 0 0 0 0 0 0 0 0 0 0 0 0 0 0 0 0 0 0 0 0 0 0 0 0 0 0 0 0 0 0 0 0 0 0 0 0 0
 0 1 3 4 5 7 8 9 11 12 13 15 17 19 20 21 23 24 25 27 28 29 31 32 33 35 36 37 39 40 41 43 44 45 47 49 51 52 53 55 56 57 59 60 61 63 64 65 67 68 69 71 72 73 75 76 77 79 81 83 84 85 87 88 89 91 92 93 95 96 97 99 100 101 103 104 105 107 108 109 111 113 115 116 117 119 120 121 123 124 125 127 0 0 0 0 0 0 0 0 0 0 0 0 0 0 0 0 0 0 0 0 0 0 0 0 0 0 0 0 0 0 0 0 0 0 0 0
 0 1 3 4 5 7 8 9 11 12 13 15 16 17 19 20 21 23 24 25 27 28 29 31 33 35 36 37 39 40 41 43 44 45 47 48 49 51 52 53 55 56 57 59 60 61 63 65 67 68 69 71 72 73 75 76 77 79 80 81 83 84 85 87 88 89 91 92 93 95 97 99 100 101 103 104 105 107 108 109 111 112 113 115 116 117 119 120 121 123 124 125 127 0 0 0 0 0 0 0 0 0 0 0 0 0 0 0 0 0 0 0 0 0 0 0 0 0 0 0 0 0 0 0 0 0 0 0
 0 1 3 4 5 7 8 9 11 12 13 15 16 17 19 20 21 23 24 25 27 28 29 31 33 35 36 37 39 40 41 43 44 45 47 48 49 51 52 53 55 56 57 59 60 61 63 64 65 67 68 69 71 72 73 75 76 77 79 80 81 83 84 85 87 88 89 91 92 93 95 97 99 100 101 103 104 105 107 108 109 111 112 113 115 116 117 119 120 121 123 124 125 127 0 0 0 0 0 0 0 0 0 0 0 0 0 0 0 0 0 0 0 0 0 0 0 0 0 0 0 0 0 0 0 0 0 0
 0 1 3 4 5 7 8 9 11 12 13 15 16 17 19 20 21 23 24 25 27 28 29 31 32 33 35 36 37 39 40 41 43 44 45 47 48 49 51 52 53 55 56 57 59 60 61 63 65 67 68 69 71 72 73 75 76 77 79 80 81 83 84 85 87 88 89 91 92 93 95 96 97 99 100 101 103 104 105 107 108 109 111 112 113 115 116 117 119 120 121 123 124 125 127 0 0 0 0 0 0 0 0 0 0 0 0 0 0 0 0 0 0 0 0 0 0 0 0 0 0 0 0 0 0 0 0 0
 0 1 3 4 5 7 8 9 11 12 13 15 16 17 19 20 21 23 24 25 27 28 29 31 32 33 35 36 37 39 40 41 43 44 45 47 48 49 51 52 53 55 56 57 59 60 61 63 64 65 67 68 69 71 72 73 75 76 77 79 80 81 83 84 85 87 88 89 91 92 93 95 96 97 99 100 101 103 104 105 107 108 109 111 112 113 115 116 117 119 120 121 123 124 125 127 0 0 0 0 0 0 0 0 0 0 0 0 0 0 0 0 0 0 0 0 0 0 0 0 0 0 0 0 0 0 0 0
 0 1 2 3 5 6 7 9 10 11 13 14 15 17 18 19 21 22 23 25 26 27 29 30 31 33 34 35 37 38 39 41 42 43 45 46 47 49 50 51 53 54 55 57 58 59 61 62 63 65 66 67 69 70 71 73 74 75 77 78 79 81 82 83 85 86 87 89 90 91 93 94 95 97 98 99 101 102 103 105 106 107 109 110 111 113 114 115 117 118 119 121 122 123 125 126 127 0 0 0 0 0 0 0 0 0 0 0 0 0 0 0 0 0 0 0 0 0 0 0 0 0 0 0 0 0 0 0
 0 1 2 3 5 6 7 9 10 11 13 14 15 17 18 19 21 22 23 25 26 27 29 30 31 33 34 35 37 38 39 41 42 43 45 46 47 49 50 51 53 54 55 57 58 59 61 62 63 64 65 66 67 69 70 71 73 74 75 77 78 79 81 82 83 85 86 87 89 90 91 93 94 95 97 98 99 101 102 103 105 106 107 109 110 111 113 114 115 117 118 119 121 122 123 125 126 127 0 0 0 0 0 0 0 0 0 0 0 0 0 0 0 0 0 0 0 0 0 0 0 0 0 0 0 0 0 0
 0 1 2 3 5 6 7 9 10 11 13 14 15 17 18 19 21 22 23 25 26 27 29 30 31 32 33 34 35 37 38 39 41 42 43 45 46 47 49 50 51 53 54 55 57 58 59 61 62 63 65 66 67 69 70 71 73 74 75 77 78 79 81 82 83 85 86 87 89 90 91 93 94 95 96 97 98 99 101 102 103 105 106 107 109 110 111 113 114 115 117 118 119 121 122 123 125 126 127 0 0 0 0 0 0 0 0 0 0 0 0 0 0 0 0 0 0 0 0 0 0 0 0 0 0 0 0 0
 0 1 2 3 5 6 7 9 10 11 13 14 15 17 18 19 21 22 23 25 26 27 29 30 31 32 33 34 35 37 38 39 41 42 43 45 46 47 49 50 51 53 54 55 57 58 59 61 62 63 64 65 66 67 69 70 71 73 74 75 77 78 79 81 82 83 85 86 87 89 90 91 93 94 95 96 97 98 99 101 102 103 105 106 107 109 110 111 113 114 115 117 118 119 121 122 123 125 126 127 0 0 0 0 0 0 0 0 0 0 0 0 0 0 0 0 0 0 0 0 0 0 0 0 0 0 0 0
 0 1 2 3 5 6 7 9 10 11 13 14 15 16 17 18 19 21 22 23 25 26 27 29 30 31 33 34 35 37 38 39 41 42 43 45 46 47 48 49 50 51 53 54 55 57 58 59 61 62 63 65 66 67 69 70 71 73 74 75 77 78 79 80 81 82 83 85 86 87 89 90 91 93 94 95 97 98 99 101 102 103 105 106 107 109 110 111 112 113 114 115 117 118 119 121 122 123 125 126 127 0 0 0 0 0 0 0 0 0 0 0 0 0 0 0 0 0 0 0 0 0 0 0 0 0 0 0
 0 1 2 3 5 6 7 9 10 11 13 14 15 16 17 18 19 21 22 23 25 26 27 29 30 31 33 34 35 37 38 39 41 42 43 45 46 47 48 49 50 51 53 54 55 57 58 59 61 62 63 64 65 66 67 69 70 71 73 74 75 77 78 79 80 81 82 83 85 86 87 89 90 91 93 94 95 97 98 99 101 102 103 105 106 107 109 110 111 112 113 114 115 117 118 119 121 122 123 125 126 127 0 0 0 0 0 0 0 0 0 0 0 0 0 0 0 0 0 0 0 0 0 0 0 0 0 0
 0 1 2 3 5 6 7 9 10 11 13 14 15 16 17 18 19 21 22 23 25 26 27 29 30 31 32 33 34 35 37 38 39 41 42 43 45 46 47 48 49 50 51 53 54 55 57 58 59 61 62 63 65 66 67 69 70 71 73 74 75 77 78 79 80 81 82 83 85 86 87 89 90 91 93 94 95 96 97 98 99 101 102 103 105 106 107 109 110 111 112 113 114 115 117 118 119 121 122 123 125 126 127 0 0 0 0 0 0 0 0 0 0 0 0 0 0 0 0 0 0 0 0 0 0 0 0 0
 0 1 2 3 5 6 7 9 10 11 13 14 15 16 17 18 19 21 22 23 25 26 27 29 30 31 32 33 34 35 37 38 39 41 42 43 45 46 47 48 49 50 51 53 54 55 57 58 59 61 62 63 64 65 66 67 69 70 71 73 74 75 77 78 79 80 81 82 83 85 86 87 89 90 91 93 94 95 96 97 98 99 101 102 103 105 106 107 109 110 111 112 113 114 115 117 118 119 121 122 123 125 126 127 0 0 0 0 0 0 0 0 0 0 0 0 0 0 0 0 0 0 0 0 0 0 0 0
 0 1 2 3 5 6 7 8 9 10 11 13 14 15 17 18 19 21 22 23 24 25 26 27 29 30 31 33 34 35 37 38 39 40 41 42 43 45 46 47 49 50 51 53 54 55 56 57 58 59 61 62 63 65 66 67 69 70 71 72 73 74 75 77 78 79 81 82 83 85 86 87 88 89 90 91 93 94 95 97 98 99 101 102 103 104 105 106 107 109 110 111 113 114 115 117 118 119 120 121 122 123 125 126 127 0 0 0 0 0 0 0 0 0 0 0 0 0 0 0 0 0 0 0 0 0 0 0
 0 1 2 3 5 6 7 8 9 10 11 13 14 15 17 18 19 21 22 23 24 25 26 27 29 30 31 33 34 35 37 38 39 40 41 42 43 45 46 47 49 50 51 53 54 55 56 57 58 59 61 62 63 64 65 66 67 69 70 71 72 73 74 75 77 78 79 81 82 83 85 86 87 88 89 90 91 93 94 95 97 98 99 101 102 103 104 105 106 107 109 110 111 113 114 115 117 118 119 120 121 122 123 125 126 127 0 0 0 0 0 0 0 0 0 0 0 0 0 0 0 0 0 0 0 0 0 0
 0 1 2 3 5 6 7 8 9 10 11 13 14 15 17 18 19 21 22 23 24 25 26 27 29 30 31 32 33 34 35 37 38 39 40 41 42 43 45 46 47 49 50 51 53 54 55 56 57 58 59 61 62 63 65 66 67 69 70 71 72 73 74 75 77 78 79 81 82 83 85 86 87 88 89 90 91 93 94 95 96 97 98 99 101 102 103 104 105 106 107 109 110 111 113 114 115 117 118 119 120 121 122 123 125 126 127 0 0 0 0 0 0 0 0 0 0 0 0 0 0 0 0 0 0 0 0 0
 0 1 2 3 5 6 7 8 9 10 11 13 14 15 17 18 19 21 22 23 24 25 26 27 29 30 31 32 33 34 35 37 38 39 40 41 42 43 45 46 47 49 50 51 53 54 55 56 57 58 59 61 62 63 64 65 66 67 69 70 71 72 73 74 75 77 78 79 81 82 83 85 86 87 88 89 90 91 93 94 95 96 97 98 99 101 102 103 104 105 106 107 109 110 111 113 114 115 117 118 119 120 121 122 123 125 126 127 0 0 0 0 0 0 0 0 0 0 0 0 0 0 0 0 0 0 0 0
 0 1 2 3 5 6 7 8 9 10 11 13 14 15 16 17 18 19 21 22 23 24 25 26 27 29 30 31 33 34 35 37 38 39 40 41 42 43 45 46 47 48 49 50 51 53 54 55 56 57 58 59 61 62 63 65 66 67 69 70 71 72 73 74 75 77 78 79 80 81 82 83 85 86 87 88 89 90 91 93 94 95 97 98 99 101 102 103 104 105 106 107 109 110 111 112 113 114 115 117 118 119 120 121 122 123 125 126 127 0 0 0 0 0 0 0 0 0 0 0 0 0 0 0 0 0 0 0
 0 1 2 3 5 6 7 8 9 10 11 13 14 15 16 17 18 19 21 22 23 24 25 26 27 29 30 31 33 34 35 37 38 39 40 41 42 43 45 46 47 48 49 50 51 53 54 55 56 57 58 59 61 62 63 64 65 66 67 69 70 71 72 73 74 75 77 78 79 80 81 82 83 85 86 87 88 89 90 91 93 94 95 97 98 99 101 102 103 104 105 106 107 109 110 111 112 113 114 115 117 118 119 120 121 122 123 125 126 127 0 0 0 0 0 0 0 0 0 0 0 0 0 0 0 0 0 0
 0 1 2 3 5 6 7 8 9 10 11 13 14 15 16 17 18 19 21 22 23 24 25 26 27 29 30 31 32 33 34 35 37 38 39 40 41 42 43 45 46 47 48 49 50 51 53 54 55 56 57 58 59 61 62 63 65 66 67 69 70 71 72 73 74 75 77 78 79 80 81 82 83 85 86 87 88 89 90 91 93 94 95 96 97 98 99 101 102 103 104 105 106 107 109 110 111 112 113 114 115 117 118 119 120 121 122 123 125 126 127 0 0 0 0 0 0 0 0 0 0 0 0 0 0 0 0 0
 0 1 2 3 5 6 7 8 9 10 11 13 14 15 16 17 18 19 21 22 23 24 25 26 27 29 30 31 32 33 34 35 37 38 39 40 41 42 43 45 46 47 48 49 50 51 53 54 55 56 57 58 59 61 62 63 64 65 66 67 69 70 71 72 73 74 75 77 78 79 80 81 82 83 85 86 87 88 89 90 91 93 94 95 96 97 98 99 101 102 103 104 105 106 107 109 110 111 112 113 114 115 117 118 119 120 121 122 123 125 126 127 0 0 0 0 0 0 0 0 0 0 0 0 0 0 0 0
 0 1 2 3 4 5 6 7 9 10 11 12 13 14 15 17 18 19 20 21 22 23 25 26 27 28 29 30 31 33 34 35 36 37 38 39 41 42 43 44 45 46 47 49 50 51 52 53 54 55 57 58 59 60 61 62 63 65 66 67 68 69 70 71 73 74 75 76 77 78 79 81 82 83 84 85 86 87 89 90 91 92 93 94 95 97 98 99 100 101 102 103 105 106 107 108 109 110 111 113 114 115 116 117 118 119 121 122 123 124 125 126 127 0 0 0 0 0 0 0 0 0 0 0 0 0 0 0
 0 1 2 3 4 5 6 7 9 10 11 12 13 14 15 17 18 19 20 21 22 23 25 26 27 28 29 30 31 33 34 35 36 37 38 39 41 42 43 44 45 46 47 49 50 51 52 53 54 55 57 58 59 60 61 62 63 64 65 66 67 68 69 70 71 73 74 75 76 77 78 79 81 82 83 84 85 86 87 89 90 91 92 93 94 95 97 98 99 100 101 102 103 105 106 107 108 109 110 111 113 114 115 116 117 118 119 121 122 123 124 125 126 127 0 0 0 0 0 0 0 0 0 0 0 0 0 0
 0 1 2 3 4 5 6 7 9 10 11 12 13 14 15 17 18 19 20 21 22 23 25 26 27 28 29 30 31 32 33 34 35 36 37 38 39 41 42 43 44 45 46 47 49 50 51 52 53 54 55 57 58 59 60 61 62 63 65 66 67 68 69 70 71 73 74 75 76 77 78 79 81 82 83 84 85 86 87 89 90 91 92 93 94 95 96 97 98 99 100 101 102 103 105 106 107 108 109 110 111 113 114 115 116 117 118 119 121 122 123 124 125 126 127 0 0 0 0 0 0 0 0 0 0 0 0 0
 0 1 2 3 4 5 6 7 9 10 11 12 13 14 15 17 18 19 20 21 22 23 25 26 27 28 29 30 31 32 33 34 35 36 37 38 39 41 42 43 44 45 46 47 49 50 51 52 53 54 55 57 58 59 60 61 62 63 64 65 66 67 68 69 70 71 73 74 75 76 77 78 79 81 82 83 84 85 86 87 89 90 91 92 93 94 95 96 97 98 99 100 101 102 103 105 106 107 108 109 110 111 113 114 115 116 117 118 119 121 122 123 124 125 126 127 0 0 0 0 0 0 0 0 0 0 0 0
 0 1 2 3 4 5 6 7 9 10 11 12 13 14 15 16 17 18 19 20 21 22 23 25 26 27 28 29 30 31 33 34 35 36 37 38 39 41 42 43 44 45 46 47 48 49 50 51 52 53 54 55 57 58 59 60 61 62 63 65 66 67 68 69 70 71 73 74 75 76 77 78 79 80 81 82 83 84 85 86 87 89 90 91 92 93 94 95 97 98 99 100 101 102 103 105 106 107 108 109 110 111 112 113 114 115 116 117 118 119 121 122 123 124 125 126 127 0 0 0 0 0 0 0 0 0 0 0
 0 1 2 3 4 5 6 7 9 10 11 12 13 14 15 16 17 18 19 20 21 22 23 25 26 27 28 29 30 31 33 34 35 36 37 38 39 41 42 43 44 45 46 47 48 49 50 51 52 53 54 55 57 58 59 60 61 62 63 64 65 66 67 68 69 70 71 73 74 75 76 77 78 79 80 81 82 83 84 85 86 87 89 90 91 92 93 94 95 97 98 99 100 101 102 103 105 106 107 108 109 110 111 112 113 114 115 116 117 118 119 121 122 123 124 125 126 127 0 0 0 0 0 0 0 0 0 0
 0 1 2 3 4 5 6 7 9 10 11 12 13 14 15 16 17 18 19 20 21 22 23 25 26 27 28 29 30 31 32 33 34 35 36 37 38 39 41 42 43 44 45 46 47 48 49 50 51 52 53 54 55 57 58 59 60 61 62 63 65 66 67 68 69 70 71 73 74 75 76 77 78 79 80 81 82 83 84 85 86 87 89 90 91 92 93 94 95 96 97 98 99 100 101 102 103 105 106 107 108 109 110 111 112 113 114 115 116 117 118 119 121 122 123 124 125 126 127 0 0 0 0 0 0 0 0 0
 0 1 2 3 4 5 6 7 9 10 11 12 13 14 15 16 17 18 19 20 21 22 23 25 26 27 28 29 30 31 32 33 34 35 36 37 38 39 41 42 43 44 45 46 47 48 49 50 51 52 53 54 55 57 58 59 60 61 62 63 64 65 66 67 68 69 70 71 73 74 75 76 77 78 79 80 81 82 83 84 85 86 87 89 90 91 92 93 94 95 96 97 98 99 100 101 102 103 105 106 107 108 109 110 111 112 113 114 115 116 117 118 119 121 122 123 124 125 126 127 0 0 0 0 0 0 0 0
 0 1 2 3 4 5 6 7 8 9 10 11 12 13 14 15 17 18 19 20 21 22 23 24 25 26 27 28 29 30 31 33 34 35 36 37 38 39 40 41 42 43 44 45 46 47 49 50 51 52 53 54 55 56 57 58 59 60 61 62 63 65 66 67 68 69 70 71 72 73 74 75 76 77 78 79 81 82 83 84 85 86 87 88 89 90 91 92 93 94 95 97 98 99 100 101 102 103 104 105 106 107 108 109 110 111 113 114 115 116 117 118 119 120 121 122 123 124 125 126 127 0 0 0 0 0 0 0
 0 1 2 3 4 5 6 7 8 9 10 11 12 13 14 15 17 18 19 20 21 22 23 24 25 26 27 28 29 30 31 33 34 35 36 37 38 39 40 41 42 43 44 45 46 47 49 50 51 52 53 54 55 56 57 58 59 60 61 62 63 64 65 66 67 68 69 70 71 72 73 74 75 76 77 78 79 81 82 83 84 85 86 87 88 89 90 91 92 93 94 95 97 98 99 100 101 102 103 104 105 106 107 108 109 110 111 113 114 115 116 117 118 119 120 121 122 123 124 125 126 127 0 0 0 0 0 0
 0 1 2 3 4 5 6 7 8 9 10 11 12 13 14 15 17 18 19 20 21 22 23 24 25 26 27 28 29 30 31 32 33 34 35 36 37 38 39 40 41 42 43 44 45 46 47 49 50 51 52 53 54 55 56 57 58 59 60 61 62 63 65 66 67 68 69 70 71 72 73 74 75 76 77 78 79 81 82 83 84 85 86 87 88 89 90 91 92 93 94 95 96 97 98 99 100 101 102 103 104 105 106 107 108 109 110 111 113 114 115 116 117 118 119 120 121 122 123 124 125 126 127 0 0 0 0 0
 0 1 2 3 4 5 6 7 8 9 10 11 12 13 14 15 17 18 19 20 21 22 23 24 25 26 27 28 29 30 31 32 33 34 35 36 37 38 39 40 41 42 43 44 45 46 47 49 50 51 52 53 54 55 56 57 58 59 60 61 62 63 64 65 66 67 68 69 70 71 72 73 74 75 76 77 78 79 81 82 83 84 85 86 87 88 89 90 91 92 93 94 95 96 97 98 99 100 101 102 103 104 105 106 107 108 109 110 111 113 114 115 116 117 118 119 120 121 122 123 124 125 126 127 0 0 0 0
 0 1 2 3 4 5 6 7 8 9 10 11 12 13 14 15 16 17 18 19 20 21 22 23 24 25 26 27 28 29 30 31 33 34 35 36 37 38 39 40 41 42 43 44 45 46 47 48 49 50 51 52 53 54 55 56 57 58 59 60 61 62 63 65 66 67 68 69 70 71 72 73 74 75 76 77 78 79 80 81 82 83 84 85 86 87 88 89 90 91 92 93 94 95 97 98 99 100 101 102 103 104 105 106 107 108 109 110 111 112 113 114 115 116 117 118 119 120 121 122 123 124 125 126 127 0 0 0
 0 1 2 3 4 5 6 7 8 9 10 11 12 13 14 15 16 17 18 19 20 21 22 23 24 25 26 27 28 29 30 31 33 34 35 36 37 38 39 40 41 42 43 44 45 46 47 48 49 50 51 52 53 54 55 56 57 58 59 60 61 62 63 64 65 66 67 68 69 70 71 72 73 74 75 76 77 78 79 80 81 82 83 84 85 86 87 88 89 90 91 92 93 94 95 97 98 99 100 101 102 103 104 105 106 107 108 109 110 111 112 113 114 115 116 117 118 119 120 121 122 123 124 125 126 127 0 0
 0 1 2 3 4 5 6 7 8 9 10 11 12 13 14 15 16 17 18 19 20 21 22 23 24 25 26 27 28 29 30 31 32 33 34 35 36 37 38 39 40 41 42 43 44 45 46 47 48 49 50 51 52 53 54 55 56 57 58 59 60 61 62 63 65 66 67 68 69 70 71 72 73 74 75 76 77 78 79 80 81 82 83 84 85 86 87 88 89 90 91 92 93 94 95 96 97 98 99 100 101 102 103 104 105 106 107 108 109 110 111 112 113 114 115 116 117 118 119 120 121 122 123 124 125 126 127 0
 0 1 2 3 4 5 6 7 8 9 10 11 12 13 14 15 16 17 18 19 20 21 22 23 24 25 26 27 28 29 30 31 32 33 34 35 36 37 38 39 40 41 42 43 44 45 46 47 48 49 50 51 52 53 54 55 56 57 58 59 60 61 62 63 64 65 66 67 68 69 70 71 72 73 74 75 76 77 78 79 80 81 82 83 84 85 86 87 88 89 90 91 92 93 94 95 96 97 98 99 100 101 102 103 104 105 106 107 108 109 110 111 112 113 114 115 116 117 118 119 120 121 122 123 124 125 126 127
